1 0.653125 0.85703125 0.21015625 0.175
1 0.65234375 0.6734375 0.2078125 0.17109375
1 0.86953125 0.85703125 0.2109375 0.17421875
1 0.16953125 0.85 0.2015625 0.16875
1 0.1703125 0.49609375 0.20390625 0.16640625
1 0.1703125 0.31484375 0.2046875 0.1734375
1 0.1671875 0.13125 0.20625 0.17109375
1 0.659375 0.27265625 0.2046875 0.165625
1 0.16484375 0.67109375 0.203125 0.17109375
1 0.6609375 0.0671875 0.2046875 0.134375
1 0.86875 0.675 0.203125 0.175
1 0.8734375 0.48984375 0.203125 0.190625
1 0.87109375 0.0703125 0.19140625 0.140625
1 0.0296875 0.846875 0.059375 0.1734375
1 0.03125 0.496875 0.06171875 0.16171875
1 0.86875 0.2765625 0.2015625 0.20546875
1 0.02890625 0.31484375 0.0578125 0.17109375
1 0.0296875 0.965625 0.059375 0.0640625
1 0.028125 0.665625 0.0546875 0.16640625
1 0.18125 0.96796875 0.22109375 0.0625
0 0.65234375 0.49921875 0.2078125 0.1734375
1 0.86796875 0.9765625 0.2 0.04453125
1 0.6453125 0.97578125 0.2015625 0.046875