1 0.4765625 0.06953125 0.06953125 0.13828125
1 0.22109375 0.06875 0.075 0.13671875
0 0.54375 0.06953125 0.07421875 0.13828125
1 0.15234375 0.0671875 0.075 0.13359375
1 0.34375 0.2625 0.07578125 0.23984375
1 0.60390625 0.0703125 0.06953125 0.13984375
1 0.3453125 0.06796875 0.07109375 0.1359375
0 0.28828125 0.06796875 0.0703125 0.1359375
1 0.54296875 0.26171875 0.07578125 0.24296875
1 0.41640625 0.06875 0.0703125 0.1375
1 0.67109375 0.07578125 0.07109375 0.1453125
1 0.21640625 0.253125 0.0671875 0.2375
1 0.1421875 0.2484375 0.08125 0.2328125
1 0.475 0.26171875 0.0671875 0.23671875
1 0.7421875 0.0703125 0.0734375 0.140625
1 0.6015625 0.771875 0.07265625 0.2609375
1 0.934375 0.07734375 0.0765625 0.1484375
1 0.7453125 0.275 0.071875 0.21796875
1 0.80390625 0.07109375 0.0734375 0.1421875
1 0.2796875 0.25546875 0.06953125 0.23984375
1 0.87578125 0.07265625 0.075 0.14453125
1 0.80703125 0.26875 0.08203125 0.2171875
1 0.9375 0.27265625 0.08671875 0.2203125
1 0.67109375 0.771875 0.08046875 0.26015625
1 0.540625 0.77265625 0.07421875 0.25859375
0 0.41484375 0.2578125 0.071875 0.23046875
1 0.87421875 0.26796875 0.078125 0.21796875
1 0.13515625 0.77265625 0.07890625 0.2765625
1 0.67421875 0.26484375 0.06796875 0.22421875
1 0.6140625 0.26171875 0.075 0.2296875
1 0.34296875 0.7625 0.075 0.2515625
1 0.73984375 0.7703125 0.07421875 0.2515625
1 0.475 0.76875 0.0703125 0.2546875
1 0.4125 0.76640625 0.07265625 0.25546875
1 0.2109375 0.76328125 0.07265625 0.25703125
1 0.27890625 0.7625 0.06953125 0.24921875
1 0.8 0.7765625 0.07578125 0.24921875
1 0.95625 0.809375 0.08671875 0.27265625
1 0.98359375 0.071875 0.0328125 0.14375
1 0.875 0.796875 0.0890625 0.23671875
1 0.98515625 0.26640625 0.0296875 0.2171875