0 0.5453125 0.0734375 0.075 0.140625
1 0.47734375 0.06875 0.06875 0.1375
1 0.2203125 0.06796875 0.075 0.1359375
1 0.15078125 0.06640625 0.0765625 0.1328125
1 0.34609375 0.26484375 0.07578125 0.24765625
1 0.346875 0.06796875 0.07265625 0.1359375
0 0.2890625 0.06875 0.07109375 0.13671875
1 0.41796875 0.06875 0.06953125 0.13671875
1 0.54375 0.2671875 0.07578125 0.2421875
1 0.60390625 0.06953125 0.06875 0.1390625
1 0.21640625 0.253125 0.0671875 0.23828125
1 0.14296875 0.2484375 0.08203125 0.23359375
1 0.671875 0.07578125 0.07109375 0.1453125
1 0.74375 0.071875 0.0734375 0.14140625
1 0.41328125 0.2609375 0.07109375 0.24765625
1 0.4734375 0.26171875 0.07109375 0.24140625
1 0.28203125 0.25546875 0.071875 0.2421875
1 0.8046875 0.0703125 0.07109375 0.140625
1 0.93828125 0.07734375 0.075 0.14921875
1 0.746875 0.27421875 0.071875 0.221875
1 0.13828125 0.77109375 0.07734375 0.2734375
1 0.87578125 0.0765625 0.07265625 0.1453125
1 0.60234375 0.7765625 0.071875 0.2609375
1 0.940625 0.2734375 0.0796875 0.2203125
1 0.8078125 0.25859375 0.07734375 0.22421875
1 0.8734375 0.259375 0.078125 0.221875
1 0.73984375 0.7765625 0.07578125 0.25234375
1 0.67421875 0.26328125 0.0671875 0.22734375
1 0.67109375 0.7796875 0.07265625 0.2625
1 0.2109375 0.76484375 0.07421875 0.25703125
1 0.60703125 0.26953125 0.071875 0.2328125
1 0.54140625 0.77734375 0.071875 0.25234375
1 0.34375 0.7640625 0.0765625 0.2515625
1 0.80234375 0.78046875 0.0734375 0.25546875
1 0.27890625 0.7640625 0.06953125 0.25078125
1 0.415625 0.77109375 0.0828125 0.25703125
1 0.475 0.7765625 0.06953125 0.24921875
1 0.984375 0.07265625 0.028125 0.1453125
1 0.875 0.79296875 0.0875 0.2671875
1 0.95625 0.8015625 0.08671875 0.284375
1 0.9859375 0.26875 0.028125 0.215625