1 0.4140625 0.06953125 0.06953125 0.1390625
1 0.47109375 0.0703125 0.0671875 0.140625
1 0.21875 0.0671875 0.07265625 0.13359375
1 0.1453125 0.071875 0.07578125 0.1359375
0 0.5421875 0.07109375 0.0734375 0.14140625
1 0.34375 0.07265625 0.0703125 0.13828125
1 0.34375 0.25625 0.07265625 0.23828125
1 0.66796875 0.07734375 0.071875 0.1484375
1 0.540625 0.2625 0.075 0.2421875
1 0.60078125 0.07578125 0.0671875 0.14453125
0 0.28515625 0.07265625 0.06953125 0.1375
1 0.47109375 0.2640625 0.06796875 0.23828125
1 0.7390625 0.071875 0.07578125 0.14375
1 0.80078125 0.078125 0.0734375 0.1484375
1 0.8703125 0.078125 0.075 0.14921875
1 0.93515625 0.27265625 0.08671875 0.22109375
1 0.93125 0.07421875 0.0796875 0.1484375
1 0.7421875 0.27421875 0.0765625 0.2234375
1 0.14375 0.771875 0.0640625 0.2703125
1 0.2125 0.25390625 0.06640625 0.23671875
1 0.87109375 0.26953125 0.0796875 0.21875
1 0.803125 0.26953125 0.08125 0.21796875
0 0.41171875 0.25859375 0.07109375 0.23515625
1 0.1390625 0.25 0.0765625 0.23046875
1 0.20703125 0.7640625 0.07578125 0.25859375
1 0.67109375 0.2671875 0.071875 0.228125
1 0.5375 0.77734375 0.07109375 0.2609375
1 0.27109375 0.26328125 0.0671875 0.2421875
1 0.73515625 0.77421875 0.07265625 0.2453125
1 0.6671875 0.77734375 0.0703125 0.25625
1 0.59765625 0.77890625 0.06875 0.26484375
1 0.3375 0.765625 0.07421875 0.24765625
1 0.27578125 0.7671875 0.07265625 0.25078125
1 0.4703125 0.77578125 0.06953125 0.2578125
1 0.609375 0.265625 0.0765625 0.23515625
1 0.7984375 0.77890625 0.07109375 0.25
1 0.9484375 0.82265625 0.08984375 0.25625
1 0.98125 0.0734375 0.034375 0.146875
1 0.87578125 0.7890625 0.08359375 0.265625
1 0.9828125 0.275 0.034375 0.22265625
1 0.4078125 0.76953125 0.07265625 0.24765625