0 0.803125 0.5875 0.39375 0.16015625
0 0.8078125 0.76640625 0.38359375 0.275
0 0.29765625 0.4984375 0.13359375 0.1
0 0.35390625 0.421875 0.10625 0.05703125
0 0.1625 0.66875 0.228125 0.2375
0 0.7578125 0.42890625 0.2671875 0.07109375
0 0.8015625 0.4875 0.38515625 0.109375
0 0.05546875 0.5515625 0.1109375 0.053125
0 0.13046875 0.49453125 0.1140625 0.03984375
0 0.721875 0.4 0.24375 0.05546875
0 0.11484375 0.50234375 0.09921875 0.0390625
0 0.1625 0.4640625 0.0953125 0.028125
0 0.02421875 0.6015625 0.0484375 0.053125
0 0.85234375 0.47265625 0.23984375 0.0953125
0 0.69921875 0.3671875 0.19921875 0.0484375